{"col_nodes": [{"rankvar": 5, "ini": 9, "name": "Sub: 940", "rank": 2, "group": [6.0, 6.0, 6.0, 6.0, 5.0, 5.0, 3.0, 2.0, 1.0, 1.0, 1.0], "clust": 7}, {"rankvar": 3, "ini": 8, "name": "Sub: 8", "rank": 4, "group": [3.0, 3.0, 3.0, 3.0, 2.0, 2.0, 1.0, 1.0, 1.0, 1.0, 1.0], "clust": 0}, {"rankvar": 2, "ini": 7, "name": "Sub: 145", "rank": 6, "group": [4.0, 4.0, 4.0, 4.0, 3.0, 3.0, 2.0, 2.0, 1.0, 1.0, 1.0], "clust": 3}, {"rankvar": 4, "ini": 6, "name": "Sub: 35", "rank": 3, "group": [8.0, 8.0, 8.0, 8.0, 7.0, 6.0, 3.0, 2.0, 1.0, 1.0, 1.0], "clust": 6}, {"rankvar": 0, "ini": 5, "name": "Sub: 694", "rank": 7, "group": [9.0, 9.0, 9.0, 9.0, 8.0, 7.0, 4.0, 2.0, 1.0, 1.0, 1.0], "clust": 5}, {"rankvar": 6, "ini": 4, "name": "Sub: 795", "rank": 1, "group": [7.0, 7.0, 7.0, 7.0, 6.0, 5.0, 3.0, 2.0, 1.0, 1.0, 1.0], "clust": 8}, {"rankvar": 8, "ini": 3, "name": "Sub: 195", "rank": 0, "group": [1.0, 1.0, 1.0, 1.0, 1.0, 1.0, 1.0, 1.0, 1.0, 1.0, 1.0], "clust": 1}, {"rankvar": 1, "ini": 2, "name": "Sub: 75", "rank": 8, "group": [5.0, 5.0, 5.0, 5.0, 4.0, 4.0, 2.0, 2.0, 1.0, 1.0, 1.0], "clust": 4}, {"rankvar": 7, "ini": 1, "name": "Sub: 1076", "rank": 5, "group": [2.0, 2.0, 2.0, 2.0, 1.0, 1.0, 1.0, 1.0, 1.0, 1.0, 1.0], "clust": 2}], "links": [], "row_nodes": [{"rankvar": 5, "ini": 9, "name": "Sub: 940", "rank": 2, "group": [6.0, 6.0, 6.0, 6.0, 5.0, 5.0, 3.0, 2.0, 1.0, 1.0, 1.0], "clust": 7}, {"rankvar": 3, "ini": 8, "name": "Sub: 8", "rank": 4, "group": [3.0, 3.0, 3.0, 3.0, 2.0, 2.0, 1.0, 1.0, 1.0, 1.0, 1.0], "clust": 0}, {"rankvar": 2, "ini": 7, "name": "Sub: 145", "rank": 6, "group": [4.0, 4.0, 4.0, 4.0, 3.0, 3.0, 2.0, 2.0, 1.0, 1.0, 1.0], "clust": 3}, {"rankvar": 4, "ini": 6, "name": "Sub: 35", "rank": 3, "group": [8.0, 8.0, 8.0, 8.0, 7.0, 6.0, 3.0, 2.0, 1.0, 1.0, 1.0], "clust": 6}, {"rankvar": 0, "ini": 5, "name": "Sub: 694", "rank": 7, "group": [9.0, 9.0, 9.0, 9.0, 8.0, 7.0, 4.0, 2.0, 1.0, 1.0, 1.0], "clust": 5}, {"rankvar": 6, "ini": 4, "name": "Sub: 795", "rank": 1, "group": [7.0, 7.0, 7.0, 7.0, 6.0, 5.0, 3.0, 2.0, 1.0, 1.0, 1.0], "clust": 8}, {"rankvar": 8, "ini": 3, "name": "Sub: 195", "rank": 0, "group": [1.0, 1.0, 1.0, 1.0, 1.0, 1.0, 1.0, 1.0, 1.0, 1.0, 1.0], "clust": 1}, {"rankvar": 1, "ini": 2, "name": "Sub: 75", "rank": 8, "group": [5.0, 5.0, 5.0, 5.0, 4.0, 4.0, 2.0, 2.0, 1.0, 1.0, 1.0], "clust": 4}, {"rankvar": 7, "ini": 1, "name": "Sub: 1076", "rank": 5, "group": [2.0, 2.0, 2.0, 2.0, 1.0, 1.0, 1.0, 1.0, 1.0, 1.0, 1.0], "clust": 2}], "views": [{"N_row_sum": "all", "nodes": {"col_nodes": [{"rankvar": 5, "ini": 9, "name": "Sub: 940", "rank": 2, "group": [6.0, 6.0, 6.0, 6.0, 5.0, 5.0, 3.0, 2.0, 1.0, 1.0, 1.0], "clust": 7}, {"rankvar": 3, "ini": 8, "name": "Sub: 8", "rank": 4, "group": [3.0, 3.0, 3.0, 3.0, 2.0, 2.0, 1.0, 1.0, 1.0, 1.0, 1.0], "clust": 0}, {"rankvar": 2, "ini": 7, "name": "Sub: 145", "rank": 6, "group": [4.0, 4.0, 4.0, 4.0, 3.0, 3.0, 2.0, 2.0, 1.0, 1.0, 1.0], "clust": 3}, {"rankvar": 4, "ini": 6, "name": "Sub: 35", "rank": 3, "group": [8.0, 8.0, 8.0, 8.0, 7.0, 6.0, 3.0, 2.0, 1.0, 1.0, 1.0], "clust": 6}, {"rankvar": 0, "ini": 5, "name": "Sub: 694", "rank": 7, "group": [9.0, 9.0, 9.0, 9.0, 8.0, 7.0, 4.0, 2.0, 1.0, 1.0, 1.0], "clust": 5}, {"rankvar": 6, "ini": 4, "name": "Sub: 795", "rank": 1, "group": [7.0, 7.0, 7.0, 7.0, 6.0, 5.0, 3.0, 2.0, 1.0, 1.0, 1.0], "clust": 8}, {"rankvar": 8, "ini": 3, "name": "Sub: 195", "rank": 0, "group": [1.0, 1.0, 1.0, 1.0, 1.0, 1.0, 1.0, 1.0, 1.0, 1.0, 1.0], "clust": 1}, {"rankvar": 1, "ini": 2, "name": "Sub: 75", "rank": 8, "group": [5.0, 5.0, 5.0, 5.0, 4.0, 4.0, 2.0, 2.0, 1.0, 1.0, 1.0], "clust": 4}, {"rankvar": 7, "ini": 1, "name": "Sub: 1076", "rank": 5, "group": [2.0, 2.0, 2.0, 2.0, 1.0, 1.0, 1.0, 1.0, 1.0, 1.0, 1.0], "clust": 2}], "row_nodes": [{"rankvar": 5, "ini": 9, "name": "Sub: 940", "rank": 2, "group": [6.0, 6.0, 6.0, 6.0, 5.0, 5.0, 3.0, 2.0, 1.0, 1.0, 1.0], "clust": 7}, {"rankvar": 3, "ini": 8, "name": "Sub: 8", "rank": 4, "group": [3.0, 3.0, 3.0, 3.0, 2.0, 2.0, 1.0, 1.0, 1.0, 1.0, 1.0], "clust": 0}, {"rankvar": 2, "ini": 7, "name": "Sub: 145", "rank": 6, "group": [4.0, 4.0, 4.0, 4.0, 3.0, 3.0, 2.0, 2.0, 1.0, 1.0, 1.0], "clust": 3}, {"rankvar": 4, "ini": 6, "name": "Sub: 35", "rank": 3, "group": [8.0, 8.0, 8.0, 8.0, 7.0, 6.0, 3.0, 2.0, 1.0, 1.0, 1.0], "clust": 6}, {"rankvar": 0, "ini": 5, "name": "Sub: 694", "rank": 7, "group": [9.0, 9.0, 9.0, 9.0, 8.0, 7.0, 4.0, 2.0, 1.0, 1.0, 1.0], "clust": 5}, {"rankvar": 6, "ini": 4, "name": "Sub: 795", "rank": 1, "group": [7.0, 7.0, 7.0, 7.0, 6.0, 5.0, 3.0, 2.0, 1.0, 1.0, 1.0], "clust": 8}, {"rankvar": 8, "ini": 3, "name": "Sub: 195", "rank": 0, "group": [1.0, 1.0, 1.0, 1.0, 1.0, 1.0, 1.0, 1.0, 1.0, 1.0, 1.0], "clust": 1}, {"rankvar": 1, "ini": 2, "name": "Sub: 75", "rank": 8, "group": [5.0, 5.0, 5.0, 5.0, 4.0, 4.0, 2.0, 2.0, 1.0, 1.0, 1.0], "clust": 4}, {"rankvar": 7, "ini": 1, "name": "Sub: 1076", "rank": 5, "group": [2.0, 2.0, 2.0, 2.0, 1.0, 1.0, 1.0, 1.0, 1.0, 1.0, 1.0], "clust": 2}]}, "dist": "cos"}], "cat_colors": {"row": {}, "col": {}}, "mat": [[1.0, -0.16461774525015338, 0.0, 0.0, -0.18940569082404424, 0.0, -0.33797904370265375, 0.0, -0.3395854114227328], [-0.16461774525015338, 1.0, -0.20333526284899928, -0.21168511817109414, -0.11733940341259408, -0.16992898937703793, 0.0, -0.15713577391010003, 0.0], [0.0, -0.20333526284899928, 1.0, -0.22818312084257752, -0.19531531534646862, -0.18647596593255455, 0.0, 0.0, 0.0], [0.0, -0.21168511817109414, -0.22818312084257752, 1.0, 0.0, 0.0, -0.21352194408474845, -0.1913447867599174, -0.18217441069996942], [-0.18940569082404424, -0.11733940341259408, -0.19531531534646862, 0.0, 1.0, 0.0, -0.1444918307478129, 0.0, -0.10959302672177484], [0.0, -0.16992898937703793, -0.18647596593255455, 0.0, 0.0, 1.0, -0.38013939566754296, 0.0, -0.32128379753755043], [-0.33797904370265375, 0.0, 0.0, -0.21352194408474845, -0.1444918307478129, -0.38013939566754296, 1.0, -0.18735151463704658, 0.1585704434216002], [0.0, -0.15713577391010003, 0.0, -0.1913447867599174, 0.0, 0.0, -0.18735151463704658, 1.0, -0.18199963395080965], [-0.3395854114227328, 0.0, 0.0, -0.18217441069996942, -0.10959302672177484, -0.32128379753755043, 0.1585704434216002, -0.18199963395080965, 1.0]]}